1538209775;h;10.1;14.8
1538213100;h;12.5;15.9
1538216975;h;13.4;17.6
1538220328;h;14.1;19.0
1538223900;h;14.7;20.4
1538227528;h;15.0;21.4
1538231100;h;14.9;22.1
1538234700;h;14.8;22.1
1538238414;h;14.0;21.2
1538241900;h;11.2;20.3
1538245700;h;7.5;19.5
1538249128;h;5.8;18.7
1538252975;h;4.7;17.9
1538256433;h;4.0;17.3
1538259900;h;3.4;16.7
1538263500;h;2.8;16.2
1538267100;h;2.4;15.7
1538270700;h;2.2;15.3
1538274366;h;1.8;14.9
1538278025;h;1.2;14.5
1538281700;h;0.6;14.2
1538283600;m;0.2;14.0
1538284200;m;0.6;14.0
1538284800;m;0.4;13.9
1538285400;m;0.0;13.8
1538286000;m;0.0;13.8
1538286600;m;0.3;13.7
1538287200;m;0.1;13.7
1538287800;m;0.1;13.6
1538288400;m;0.4;13.5
1538289000;m;0.9;13.5
1538289600;m;1.5;13.6
1538290100;m;2.2;13.6
1538290200;m;2.2;13.6
1538290800;m;2.7;13.5
1538291400;m;3.4;13.6
1538292000;m;4.0;13.6
1538292600;m;5.0;13.6
1538293100;m;6.0;13.6
1538293200;m;6.0;13.6
1538293800;m;6.9;13.6
1538294400;m;7.8;13.8
1538295000;m;8.7;13.8
1538295600;m;9.6;14.0
1538296200;m;10.3;14.2
1538296800;m;10.9;14.5
1538297300;m;11.4;14.7
1538297400;m;11.4;14.7
1538298000;m;12.0;14.8
1538298600;m;12.5;15.6
1538299200;m;13.3;15.8
1538299800;m;13.5;16.1
1538300400;m;13.7;16.5
1538301000;m;14.2;16.8
1538301600;m;14.5;17.1
1538302200;m;14.9;17.6
1538302800;m;15.5;17.9
1538303400;m;15.9;18.2
1538304000;m;15.8;18.5
1538304600;m;16.3;18.7
1538305200;m;15.8;19.0
1538305700;m;15.4;19.1
1538305800;m;15.4;19.1
1538306400;m;16.2;19.4
1538307000;m;16.2;19.6
1538307600;m;16.2;19.9
1538308200;m;16.5;19.9
1538308700;m;16.5;20.0
1538308800;m;16.5;20.0
1538309400;m;16.4;20.2
1538310000;m;16.5;20.2
1538310500;m;16.5;20.3
1538310600;m;16.5;20.3
1538311200;m;17.4;20.7
1538311800;m;17.3;20.7
1538312400;m;17.0;20.9
1538313000;m;17.0;21.0
1538313600;m;16.5;21.0
1538314200;m;16.7;21.1
1538314800;m;16.4;21.2
1538315400;m;17.3;21.2
1538316000;m;16.4;21.4
1538316600;m;16.0;21.6
1538317200;m;16.4;21.7
1538317800;m;15.6;21.8
1538318400;m;15.9;21.8
1538319000;m;15.6;21.9
1538319500;m;15.2;21.9
1538319600;m;15.2;21.9
1538320200;m;14.8;22.0
1538320800;m;14.7;21.9
1538321400;m;14.7;21.8
1538321900;m;14.7;21.5
1538322000;m;14.7;21.5
1538322600;m;14.9;21.4
1538323200;m;15.2;21.3
1538323700;m;14.8;21.2
1538323800;m;14.8;21.2
1538324400;m;14.8;21.1
1538324900;m;14.5;20.9
1538325000;m;14.5;20.9
1538325600;m;14.0;20.8
1538326200;m;13.6;20.7
1538326800;m;13.6;20.5
1538327400;m;13.2;20.4
1538328000;m;13.0;20.2
1538328600;m;13.0;20.2
1538329200;m;12.7;20.0
1538329800;m;12.6;19.9
1538330400;m;12.7;19.8
1538330900;m;12.6;19.7
1538331000;m;12.6;19.7
1538331600;m;12.5;19.6
1538332200;m;12.7;19.6
1538332800;m;12.6;19.5
1538333400;m;12.7;19.4
1538334000;m;12.6;19.3
1538334500;m;12.5;19.2
1538334600;m;12.5;19.2
1538335200;m;12.5;19.1
1538335800;m;12.6;19.0
1538336400;m;12.5;19.0
1538337000;m;12.6;18.9
1538337600;m;12.6;18.8
1538338200;m;12.5;18.7
1538338800;m;12.4;18.7
1538339400;m;12.3;18.5
1538339900;m;12.3;18.5
1538340000;m;12.3;18.5
1538340600;m;12.1;18.5
1538341100;m;11.9;18.4
1538341200;m;11.9;18.4
1538341800;m;11.8;18.3
1538342400;m;11.6;18.3
1538343000;m;11.4;18.2
1538343500;m;11.4;18.1
1538343600;m;11.4;18.1
1538344200;m;11.8;18.0
1538344700;m;11.8;18.0
1538344800;m;11.8;18.0
1538345400;m;11.7;17.9
1538346000;m;11.6;17.9
1538346600;m;11.3;17.8
1538347200;m;10.9;17.7
1538347700;m;9.9;17.7
1538347800;m;9.9;17.7
1538348400;m;9.5;17.6
1538348900;m;9.5;17.6
1538349000;m;9.5;17.6
1538349600;m;9.1;17.4
1538350200;m;9.0;17.4
1538350700;m;9.0;17.3
1538350800;m;9.0;17.3
1538351400;m;9.2;17.3
1538352000;m;9.4;17.2
1538352600;m;9.6;17.1
1538353200;m;10.3;17.0
1538353800;m;10.8;17.0
1538354400;m;11.0;17.0
1538355000;m;10.6;17.0
1538355600;m;10.4;16.9
1538356200;m;10.2;16.8
1538356800;m;10.1;16.8
1538357300;m;10.5;16.8
1538357400;m;10.5;16.8
1538358000;m;10.4;16.7
1538358500;m;10.2;16.7
1538358600;m;10.2;16.7
1538359200;m;10.1;16.7
1538359800;m;9.8;16.6
1538360400;m;9.5;16.5
1538361000;m;10.1;16.4
1538361600;m;9.8;16.4
1538362200;m;9.6;16.4
1538362800;m;9.4;16.5
1538363300;m;9.2;16.4
1538363400;m;9.2;16.4
1538364000;m;9.3;16.3
1538364600;m;9.1;16.2
1538365100;m;8.9;16.2
1538365200;m;8.9;16.2
1538365800;m;8.7;16.1
1538366300;m;8.6;16.1
1538366400;m;8.6;16.1
1538367000;m;8.7;16.1
1538367500;m;8.7;16.0
1538367600;m;8.7;16.0
1538368200;m;8.8;15.9
1538368700;m;8.3;15.9
1538368800;m;8.3;15.9
1538369400;m;8.0;15.9
1538369900;m;7.9;15.8
1538370000;m;7.9;15.8
1538370600;m;8.4;15.8
1538371200;m;8.4;15.9
1538371800;m;8.1;15.8
1538372300;m;7.9;15.7
1538372400;m;7.9;15.7
1538372900;m;7.4;15.6
1538373000;m;7.4;15.6
1538373600;m;7.3;15.5
1538374200;m;7.8;15.4
1538374800;m;8.0;15.4
1538375400;m;8.0;15.4
1538376000;m;8.7;15.5
1538376500;m;9.2;15.4
1538376600;m;9.2;15.4
1538377200;m;9.3;15.4
1538377700;m;9.3;15.4
1538377800;m;9.3;15.4
1538378400;m;9.5;15.4
1538379000;m;10.3;15.4
1538379500;m;10.0;15.4
1538379600;m;10.0;15.4
1538380200;m;10.1;15.5
1538380800;m;10.2;15.6
1538381400;m;10.5;15.6
1538382000;m;11.0;15.7
1538382600;m;11.5;15.7
1538383200;m;10.5;15.8
1538383800;m;9.9;16.0
1538384400;m;9.9;15.9
1538387400;m;11.0;17.0
1538388000;m;11.0;17.3
